0    0.47282   33914874
1    0.47287   33914873
2    0.47273   33914875
3    0.47277   33914870
4    0.47269   33914872
5    0.47269   33914873
6    0.47277   33914871
7    0.47274   33914877
8    0.47277   33914869
9    0.47295   33914872
10    0.47269   33914872
11    0.47279   33914873
12    0.47278   33914876
13    0.47273   33914869
14    0.47274   33914874
15    0.47280   33914869
16    0.47285   33914875
17    0.47273   33914875
18    0.47280   33914871
19    0.47274   33914872
20    0.47262   33914870
21    0.47287   33914872
22    0.47271   33914874
23    0.47268   33914874
24    0.47276   33914873
25    0.47283   33914870
26    0.47284   33914872
27    0.47286   33914871
28    0.47271   33914877
29    0.47281   33914873
30    0.47279   33914870
31    0.47264   33914873
32    0.47277   33914870
33    0.47272   33914876
34    0.47272   33914871
35    0.47281   33914875
36    0.47283   33914870
37    0.47285   33914870
38    0.47285   33914877
39    0.47277   33914870
40    0.47273   33914876
41    0.47270   33914869
42    0.47267   33914872
43    0.47286   33914873
44    0.47263   33914872
45    0.47276   33914877
46    0.47285   33914868
47    0.47275   33914872
48    0.47271   33914873
49    0.47279   33914871
50    0.47277   33914877
51    0.47267   33914871
52    0.47268   33914872
53    0.47272   33914871
54    0.47273   33914871
55    0.47268   33914875
56    0.47275   33914873
57    0.47275   33914874
58    0.47276   33914870
59    0.47280   33914871
60    0.47288   33914874
61    0.47278   33914873
62    0.47277   33914873
63    0.47255   33914873
64    0.47279   33914870
65    0.47275   33914873
66    0.47267   33914873
67    0.47281   33914872
68    0.47272   33914873
69    0.47278   33914871
70    0.47280   33914872
71    0.47283   33914873
72    0.47264   33914874
73    0.47271   33914874
74    0.47277   33914869
75    0.47277   33914873
76    0.47276   33914871
77    0.47272   33914875
78    0.47270   33914874
79    0.47278   33914870
80    0.47283   33914873
81    0.47276   33914869
82    0.47279   33914876
83    0.47285   33914872
84    0.47279   33914874
85    0.47270   33914873
86    0.47277   33914868
87    0.47272   33914873
88    0.47273   33914872
89    0.47278   33914878
90    0.47281   33914871
91    0.47272   33914870
92    0.47276   33914871
93    0.47280   33914871
94    0.47279   33914878
95    0.47284   33914871
96    0.47275   33914872
97    0.47275   33914872
98    0.47287   33914869
99    0.47280   33914878
100    0.47287   33914872
101    0.47270   33914873
102    0.47271   33914869
103    0.47279   33914872
104    0.47285   33914875
105    0.47269   33914873
106    0.47270   33914875
107    0.47282   33914867
108    0.47276   33914873
109    0.47282   33914873
110    0.47280   33914873
111    0.47280   33914876
112    0.47282   33914869
113    0.47275   33914872
114    0.47276   33914870
115    0.47261   33914875
116    0.47273   33914875
117    0.47268   33914870
118    0.47276   33914875
119    0.47280   33914869
120    0.47278   33914873
121    0.47273   33914873
122    0.47279   33914875
123    0.47287   33914871
124    0.47282   33914870
125    0.47270   33914874
126    0.47280   33914871
127    0.47276   33914876
128    0.47269   33914873
129    0.47277   33914870
130    0.47280   33914871
131    0.47277   33914873
132    0.47264   33914873
133    0.47273   33914875
134    0.47285   33914871
135    0.47281   33914870
136    0.47285   33914871
137    0.47284   33914874
138    0.47262   33914876
139    0.47276   33914872
140    0.47287   33914871
141    0.47272   33914869
142    0.47282   33914872
143    0.47285   33914878
144    0.47259   33914872
145    0.47284   33914872
146    0.47275   33914871
147    0.47276   33914869
148    0.47272   33914877
149    0.47278   33914872
150    0.47287   33914875
151    0.47276   33914869
152    0.47273   33914871
153    0.47268   33914876
154    0.47288   33914869
155    0.47285   33914877
156    0.47277   33914869
157    0.47286   33914872
158    0.47272   33914873
159    0.47290   33914871
160    0.47264   33914877
161    0.47266   33914869
162    0.47286   33914874
163    0.47281   33914870
164    0.47286   33914873
165    0.47277   33914876
166    0.47267   33914870
167    0.47282   33914874
168    0.47271   33914870
169    0.47281   33914872
170    0.47275   33914874
171    0.47283   33914874
172    0.47276   33914873
173    0.47292   33914870
174    0.47275   33914873
175    0.47268   33914870
176    0.47276   33914876
177    0.47271   33914874
178    0.47284   33914869
179    0.47274   33914875
180    0.47281   33914869
181    0.47289   33914874
182    0.47286   33914873
183    0.47271   33914873
184    0.47270   33914872
185    0.47272   33914869
186    0.47274   33914876
187    0.47286   33914872
188    0.47273   33914875
189    0.47267   33914870
190    0.47281   33914871
191    0.47282   33914873
192    0.47285   33914873
193    0.47283   33914876
194    0.47278   33914869
195    0.47279   33914872
196    0.47269   33914873
197    0.47273   33914871
198    0.47272   33914876
199    0.47274   33914873
200    0.47277   33914870
201    0.47277   33914872
202    0.47278   33914870
203    0.47279   33914874
204    0.47294   33914875
205    0.47278   33914872
206    0.47276   33914872
207    0.47281   33914869
208    0.47271   33914874
209    0.47269   33914874
210    0.47276   33914871
211    0.47270   33914875
212    0.47275   33914869
213    0.47281   33914873
214    0.47280   33914875
215    0.47281   33914870
216    0.47269   33914876
217    0.47278   33914868
218    0.47274   33914873
219    0.47285   33914874
220    0.47284   33914872
221    0.47284   33914875
222    0.47279   33914868
223    0.47277   33914874
224    0.47267   33914871
225    0.47277   33914874
226    0.47285   33914877
227    0.47275   33914868
228    0.47280   33914872
229    0.47274   33914870
230    0.47268   33914876
231    0.47272   33914874
232    0.47276   33914871
233    0.47275   33914874
234    0.47272   33914868
235    0.47282   33914875
236    0.47279   33914873
237    0.47276   33914874
238    0.47278   33914871
239    0.47282   33914871
240    0.47287   33914873
241    0.47279   33914872
242    0.47284   33914876
243    0.47282   33914869
244    0.47280   33914874
245    0.47265   33914872
246    0.47274   33914871
247    0.47272   33914875
248    0.47279   33914871
249    0.47276   33914872
250    0.47282   33914872
251    0.47275   33914872
252    0.47272   33914875
253    0.47270   33914871
254    0.47274   33914875
255    0.47282   33914869
256    0.47286   33914872
257    0.47279   33914874
258    0.47287   33914871
259    0.47281   33914878
260    0.47275   33914869
261    0.47272   33914872
262    0.47284   33914871
263    0.47279   33914873
264    0.47272   33914876
265    0.47265   33914871
266    0.47264   33914873
267    0.47286   33914870
268    0.47287   33914871
269    0.47271   33914877
270    0.47280   33914872
271    0.47286   33914870
272    0.47276   33914872
273    0.47286   33914871
274    0.47281   33914875
275    0.47292   33914874
276    0.47283   33914870
277    0.47277   33914872
278    0.47278   33914870
279    0.47269   33914877
280    0.47288   33914872
281    0.47273   33914872
282    0.47278   33914873
283    0.47282   33914868
284    0.47273   33914876
285    0.47269   33914872
286    0.47269   33914874
287    0.47272   33914873
288    0.47272   33914869
289    0.47278   33914874
290    0.47291   33914870
291    0.47268   33914877
292    0.47279   33914872
293    0.47280   33914870
294    0.47277   33914874
295    0.47275   33914868
296    0.47282   33914876
297    0.47286   33914873
298    0.47274   33914872
299    0.47272   33914873
300    0.47277   33914870
301    0.47282   33914875
302    0.47282   33914871
303    0.47272   33914877
304    0.47275   33914868
305    0.47278   33914872
306    0.47281   33914873
307    0.47285   33914873
308    0.47270   33914877
309    0.47278   33914867
310    0.47278   33914874
311    0.47269   33914869
312    0.47277   33914876
313    0.47280   33914875
314    0.47280   33914870
315    0.47285   33914873
316    0.47277   33914869
317    0.47280   33914873
318    0.47267   33914875
319    0.47284   33914872
320    0.47284   33914876
321    0.47274   33914867
322    0.47269   33914873
323    0.47297   33914872
324    0.47284   33914874
325    0.47283   33914876
326    0.47278   33914867
327    0.47283   33914875
328    0.47267   33914870
329    0.47265   33914874
330    0.47278   33914875
331    0.47288   33914871
332    0.47277   33914871
333    0.47277   33914871
334    0.47272   33914874
335    0.47277   33914874
336    0.47278   33914872
337    0.47281   33914871
338    0.47274   33914872
339    0.47275   33914871
340    0.47280   33914876
341    0.47279   33914874
342    0.47274   33914870
343    0.47272   33914871
344    0.47282   33914871
345    0.47277   33914875
346    0.47289   33914873
347    0.47268   33914874
348    0.47278   33914871
349    0.47281   33914870
350    0.47274   33914874
351    0.47279   33914871
352    0.47274   33914877
353    0.47281   33914871
354    0.47269   33914870
355    0.47277   33914873
356    0.47264   33914871
357    0.47286   33914876
358    0.47271   33914871
359    0.47278   33914874
360    0.47276   33914870
361    0.47279   33914871
362    0.47271   33914876
363    0.47284   33914871
364    0.47271   33914873
365    0.47267   33914871
366    0.47263   33914871
367    0.47284   33914875
368    0.47279   33914873
369    0.47277   33914873
370    0.47279   33914870
371    0.47279   33914873
372    0.47287   33914871
373    0.47277   33914875
374    0.47273   33914875
375    0.47278   33914870
376    0.47279   33914873
377    0.47275   33914869
378    0.47275   33914876
379    0.47272   33914873
380    0.47270   33914872
381    0.47274   33914874
382    0.47276   33914867
383    0.47282   33914875
384    0.47281   33914872
385    0.47272   33914874
386    0.47282   33914874
387    0.47279   33914868
388    0.47267   33914874
389    0.47270   33914871
390    0.47279   33914877
391    0.47282   33914871
392    0.47281   33914870
393    0.47276   33914874
394    0.47279   33914870
395    0.47277   33914876
396    0.47272   33914873
397    0.47287   33914870
398    0.47290   33914873
399    0.47269   33914871
400    0.47284   33914874
401    0.47279   33914875
402    0.47278   33914871
403    0.47268   33914871
404    0.47281   33914871
405    0.47275   33914873
406    0.47287   33914875
407    0.47270   33914873
408    0.47278   33914872
409    0.47280   33914869
410    0.47273   33914872
411    0.47285   33914875
412    0.47274   33914873
413    0.47287   33914873
414    0.47284   33914871
415    0.47281   33914872
416    0.47278   33914873
417    0.47287   33914871
418    0.47286   33914877
419    0.47276   33914868
420    0.47285   33914873
421    0.47278   33914872
422    0.47286   33914872
423    0.47284   33914878
424    0.47274   33914868
425    0.47279   33914873
426    0.47279   33914869
427    0.47267   33914876
428    0.47279   33914874
429    0.47263   33914871
430    0.47286   33914872
431    0.47272   33914869
432    0.47291   33914875
433    0.47270   33914874
434    0.47275   33914873
435    0.47273   33914873
436    0.47269   33914869
437    0.47274   33914872
438    0.47278   33914873
439    0.47282   33914877
440    0.47282   33914871
441    0.47272   33914870
442    0.47268   33914874
443    0.47283   33914869
444    0.47276   33914878
445    0.47275   33914871
446    0.47270   33914872
447    0.47269   33914872
448    0.47278   33914870
449    0.47262   33914877
450    0.47268   33914870
451    0.47274   33914874
452    0.47283   33914871
453    0.47273   33914871
454    0.47279   33914874
455    0.47278   33914872
456    0.47271   33914876
457    0.47270   33914869
458    0.47286   33914872
459    0.47287   33914871
460    0.47278   33914874
461    0.47279   33914876
462    0.47277   33914870
463    0.47268   33914873
464    0.47285   33914870
465    0.47275   33914872
466    0.47281   33914876
467    0.47276   33914873
468    0.47270   33914872
469    0.47275   33914870
470    0.47268   33914872
471    0.47275   33914874
472    0.47271   33914874
473    0.47274   33914872
474    0.47276   33914870
475    0.47280   33914871
476    0.47282   33914875
477    0.47285   33914873
478    0.47272   33914873
479    0.47273   33914871
480    0.47270   33914870
481    0.47274   33914874
482    0.47272   33914874
483    0.47264   33914873
484    0.47285   33914872
485    0.47267   33914870
486    0.47286   33914873
487    0.47279   33914872
488    0.47278   33914876
489    0.47277   33914873
490    0.47279   33914869
491    0.47270   33914874
492    0.47286   33914870
493    0.47271   33914875
494    0.47273   33914873
495    0.47276   33914873
496    0.47265   33914872
497    0.47270   33914868
498    0.47265   33914875
499    0.47266   33914871
500    0.47282   33914877
501    0.47277   33914872
502    0.47272   33914868
503    0.47271   33914874
504    0.47265   33914871
505    0.47288   33914877
506    0.47281   33914871
507    0.47270   33914871
508    0.47279   33914872
509    0.47280   33914871
510    0.47275   33914878
511    0.47276   33914870
512    0.47279   33914873
513    0.47263   33914870
514    0.47278   33914872
515    0.47274   33914876
516    0.47290   33914873
517    0.47266   33914872
518    0.47271   33914869
519    0.47283   33914872
520    0.47278   33914874
521    0.47274   33914874
522    0.47275   33914876
523    0.47280   33914867
524    0.47284   33914872
525    0.47270   33914872
526    0.47279   33914875
527    0.47270   33914874
528    0.47278   33914870
529    0.47279   33914875
530    0.47267   33914868
531    0.47276   33914875
532    0.47269   33914873
533    0.47274   33914873
534    0.47270   33914872
535    0.47280   33914870
536    0.47281   33914874
537    0.47289   33914872
538    0.47279   33914876
539    0.47283   33914871
540    0.47271   33914870
541    0.47278   33914872
542    0.47268   33914873
543    0.47268   33914874
544    0.47268   33914874
545    0.47281   33914868
546    0.47282   33914873
547    0.47277   33914872
548    0.47282   33914873
549    0.47285   33914877
550    0.47285   33914870
551    0.47276   33914871
552    0.47276   33914870
553    0.47274   33914872
554    0.47280   33914878
555    0.47266   33914871
556    0.47274   33914873
557    0.47291   33914870
558    0.47277   33914869
559    0.47279   33914879
560    0.47283   33914870
561    0.47270   33914875
562    0.47281   33914870
563    0.47288   33914870
564    0.47279   33914876
565    0.47286   33914871
566    0.47280   33914876
567    0.47264   33914868
568    0.47263   33914872
569    0.47287   33914875
570    0.47272   33914870
571    0.47286   33914878
572    0.47286   33914868
573    0.47296   33914872
574    0.47273   33914872
575    0.47258   33914874
576    0.47273   33914875
577    0.47270   33914870
578    0.47274   33914874
579    0.47293   33914869
580    0.47280   33914873
581    0.47262   33914874
582    0.47281   33914874
583    0.47275   33914873
584    0.47274   33914870
585    0.47283   33914871
586    0.47283   33914872
587    0.47281   33914877
588    0.47271   33914872
589    0.47269   33914870
590    0.47279   33914873
591    0.47286   33914868
592    0.47282   33914878
593    0.47268   33914873
594    0.47288   33914871
595    0.47276   33914873
596    0.47275   33914868
597    0.47277   33914877
598    0.47273   33914872
599    0.47274   33914874
600    0.47273   33914871
601    0.47278   33914869
602    0.47291   33914876
603    0.47281   33914873
604    0.47270   33914874
605    0.47261   33914870
606    0.47288   33914871
607    0.47273   33914873
608    0.47277   33914873
609    0.47280   33914874
610    0.47270   33914873
611    0.47273   33914870
612    0.47290   33914873
613    0.47270   33914870
614    0.47283   33914874
615    0.47270   33914875
616    0.47272   33914870
617    0.47279   33914874
618    0.47296   33914870
619    0.47278   33914871
620    0.47291   33914877
621    0.47281   33914870
622    0.47268   33914874
623    0.47270   33914870
624    0.47282   33914872
625    0.47265   33914876
626    0.47276   33914870
627    0.47272   33914876
628    0.47274   33914867
629    0.47285   33914874
630    0.47277   33914875
631    0.47272   33914871
632    0.47274   33914875
633    0.47290   33914868
634    0.47286   33914872
635    0.47273   33914873
636    0.47269   33914874
637    0.47282   33914876
638    0.47281   33914868
639    0.47268   33914872
640    0.47276   33914872
641    0.47276   33914875
642    0.47283   33914874
643    0.47271   33914871
644    0.47280   33914872
645    0.47266   33914870
646    0.47264   33914876
647    0.47278   33914870
648    0.47272   33914876
649    0.47273   33914871
650    0.47272   33914870
651    0.47283   33914875
652    0.47275   33914870
653    0.47272   33914877
654    0.47284   33914869
655    0.47275   33914874
656    0.47270   33914871
657    0.47273   33914871
658    0.47278   33914877
659    0.47270   33914869
660    0.47280   33914873
661    0.47282   33914872
662    0.47269   33914870
663    0.47266   33914878
664    0.47268   33914871
665    0.47286   33914873
666    0.47271   33914870
667    0.47284   33914870
668    0.47271   33914876
669    0.47281   33914872
670    0.47269   33914876
671    0.47292   33914869
672    0.47273   33914871
673    0.47270   33914873
674    0.47267   33914873
675    0.47281   33914874
676    0.47287   33914873
677    0.47286   33914871
678    0.47280   33914871
679    0.47283   33914873
680    0.47276   33914873
681    0.47277   33914873
682    0.47277   33914871
683    0.47291   33914873
684    0.47286   33914871
685    0.47273   33914874
686    0.47278   33914876
687    0.47269   33914868
688    0.47281   33914873
689    0.47269   33914870
690    0.47276   33914875
691    0.47276   33914875
692    0.47285   33914871
693    0.47285   33914872
694    0.47271   33914869
695    0.47280   33914875
696    0.47278   33914873
697    0.47278   33914875
698    0.47276   33914872
699    0.47281   33914868
700    0.47281   33914873
701    0.47279   33914873
702    0.47280   33914876
703    0.47284   33914872
704    0.47277   33914870
705    0.47280   33914871
706    0.47280   33914871
707    0.47279   33914877
708    0.47284   33914872
709    0.47288   33914872
710    0.47288   33914872
711    0.47280   33914870
712    0.47279   33914876
713    0.47262   33914872
714    0.47270   33914875
715    0.47281   33914868
716    0.47283   33914873
717    0.47294   33914874
718    0.47269   33914872
719    0.47273   33914877
720    0.47271   33914867
721    0.47282   33914873
722    0.47294   33914871
723    0.47272   33914875
724    0.47265   33914875
725    0.47271   33914869
726    0.47280   33914873
727    0.47271   33914869
728    0.47290   33914874
729    0.47272   33914876
730    0.47283   33914870
731    0.47278   33914876
732    0.47280   33914868
733    0.47292   33914872
734    0.47266   33914874
735    0.47288   33914874
736    0.47267   33914873
737    0.47283   33914869
738    0.47278   33914874
739    0.47276   33914871
740    0.47265   33914875
741    0.47268   33914874
742    0.47255   33914870
743    0.47278   33914871
744    0.47282   33914873
745    0.47283   33914873
746    0.47271   33914875
747    0.47270   33914871
748    0.47285   33914870
749    0.47288   33914872
750    0.47280   33914872
751    0.47280   33914874
752    0.47276   33914871
753    0.47274   33914869
754    0.47281   33914869
755    0.47288   33914870
756    0.47273   33914874
757    0.47273   33914871
758    0.47275   33914871
759    0.47275   33914869
760    0.47278   33914868
761    0.47283   33914874
762    0.47287   33914870
763    0.47282   33914874
764    0.47280   33914868
765    0.47282   33914869
766    0.47282   33914873
767    0.47277   33914869
768    0.47284   33914875
769    0.47271   33914867
770    0.47274   33914871
771    0.47270   33914870
772    0.47270   33914871
773    0.47282   33914874
774    0.47270   33914868
775    0.47283   33914872
776    0.47271   33914869
777    0.47286   33914871
778    0.47268   33914873
779    0.47271   33914870
780    0.47272   33914872
781    0.47275   33914868
782    0.47268   33914871
783    0.47288   33914871
784    0.47283   33914872
785    0.47276   33914873
786    0.47282   33914868
787    0.47274   33914872
788    0.47272   33914867
789    0.47281   33914874
790    0.47271   33914873
791    0.47283   33914869
792    0.47277   33914872
793    0.47273   33914866
794    0.47282   33914873
795    0.47282   33914871
796    0.47284   33914872
797    0.47280   33914871
798    0.47291   33914867
799    0.47278   33914874
800    0.47284   33914869
801    0.47282   33914875
802    0.47282   33914868
803    0.47277   33914869
804    0.47270   33914871
805    0.47271   33914871
806    0.47273   33914874
807    0.47287   33914869
808    0.47282   33914870
809    0.47277   33914871
810    0.47275   33914870
811    0.47265   33914873
812    0.47271   33914872
813    0.47272   33914869
814    0.47274   33914870
815    0.47268   33914868
816    0.47272   33914872
817    0.47281   33914874
818    0.47279   33914870
819    0.47274   33914871
820    0.47288   33914868
821    0.47268   33914870
822    0.47277   33914873
823    0.47276   33914871
824    0.47275   33914872
825    0.47275   33914869
826    0.47276   33914870
827    0.47260   33914872
828    0.47284   33914870
829    0.47279   33914874
830    0.47261   33914867
831    0.47282   33914871
832    0.47279   33914871
833    0.47285   33914871
834    0.47271   33914875
835    0.47279   33914865
836    0.47276   33914873
837    0.47268   33914868
838    0.47269   33914874
839    0.47274   33914873
840    0.47270   33914867
841    0.47287   33914871
842    0.47291   33914868
843    0.47275   33914874
844    0.47282   33914872
845    0.47280   33914870
846    0.47282   33914872
847    0.47288   33914867
848    0.47278   33914872
849    0.47284   33914871
850    0.47262   33914874
851    0.47272   33914870
852    0.47273   33914868
853    0.47286   33914872
854    0.47292   33914869
855    0.47278   33914875
856    0.47283   33914869
857    0.47281   33914871
858    0.47268   33914870
859    0.47288   33914869
860    0.47285   33914874
861    0.47281   33914869
862    0.47277   33914872
863    0.47278   33914869
864    0.47279   33914870
865    0.47280   33914873
866    0.47273   33914870
867    0.47270   33914874
868    0.47278   33914867
869    0.47281   33914870
870    0.47265   33914871
871    0.47278   33914872
872    0.47262   33914874
873    0.47276   33914868
874    0.47271   33914871
875    0.47265   33914868
876    0.47280   33914872
877    0.47270   33914874
878    0.47285   33914870
879    0.47279   33914871
880    0.47285   33914868
881    0.47282   33914871
882    0.47280   33914873
883    0.47274   33914871
884    0.47273   33914870
885    0.47272   33914869
886    0.47279   33914869
887    0.47275   33914873
888    0.47272   33914872
889    0.47276   33914871
890    0.47267   33914869
891    0.47280   33914868
892    0.47285   33914874
893    0.47278   33914871
894    0.47282   33914873
895    0.47271   33914869
896    0.47278   33914867
897    0.47271   33914873
898    0.47273   33914870
899    0.47278   33914875
900    0.47277   33914870
901    0.47266   33914867
902    0.47287   33914873
903    0.47273   33914867
904    0.47278   33914876
905    0.47274   33914870
906    0.47283   33914869
907    0.47284   33914873
908    0.47272   33914866
909    0.47280   33914874
910    0.47281   33914870
911    0.47273   33914873
912    0.47291   33914871
913    0.47277   33914867
914    0.47269   33914873
915    0.47288   33914869
916    0.47285   33914876
917    0.47271   33914868
918    0.47285   33914869
919    0.47290   33914871
920    0.47278   33914870
921    0.47273   33914876
922    0.47278   33914868
923    0.47280   33914870
924    0.47275   33914868
925    0.47274   33914873
926    0.47281   33914874
927    0.47284   33914871
928    0.47286   33914869
929    0.47281   33914867
930    0.47278   33914871
931    0.47279   33914873
932    0.47271   33914872
933    0.47282   33914874
934    0.47272   33914865
935    0.47281   33914871
936    0.47266   33914870
937    0.47280   33914874
938    0.47278   33914873
939    0.47282   33914866
940    0.47269   33914874
941    0.47276   33914867
942    0.47269   33914874
943    0.47275   33914871
944    0.47269   33914870
945    0.47282   33914871
946    0.47279   33914868
947    0.47279   33914874
948    0.47293   33914870
949    0.47282   33914872
950    0.47268   33914871
951    0.47284   33914867
952    0.47270   33914871
953    0.47279   33914873
954    0.47281   33914871
955    0.47282   33914872
956    0.47291   33914867
957    0.47275   33914869
958    0.47278   33914873
959    0.47288   33914871
960    0.47281   33914875
961    0.47284   33914868
962    0.47279   33914868
963    0.47284   33914871
964    0.47280   33914870
965    0.47279   33914877
966    0.47281   33914868
967    0.47279   33914869
968    0.47280   33914871
969    0.47282   33914868
970    0.47272   33914877
971    0.47279   33914868
972    0.47287   33914872
973    0.47280   33914869
974    0.47279   33914869
975    0.47275   33914875
976    0.47268   33914868
977    0.47266   33914872
978    0.47288   33914869
979    0.47283   33914870
980    0.47285   33914873
981    0.47272   33914870
982    0.47278   33914874
983    0.47278   33914867
984    0.47272   33914871
985    0.47266   33914870
986    0.47272   33914873
987    0.47279   33914873
988    0.47285   33914868
989    0.47283   33914872
990    0.47260   33914866
991    0.47278   33914874
992    0.47283   33914872
993    0.47280   33914872
994    0.47262   33914871
995    0.47273   33914866
996    0.47274   33914872
997    0.47272   33914871
998    0.47281   33914875
999    0.47277   33914870
1000    0.47285   33914866
1001    0.47271   33914873
1002    0.47284   33914868
1003    0.47263   33914876
1004    0.47272   33914870
1005    0.47285   33914868
1006    0.47265   33914873
1007    0.47272   33914867
1008    0.47286   33914876
1009    0.47292   33914870
1010    0.47281   33914869
1011    0.47279   33914871
1012    0.47288   33914868
1013    0.47283   33914874
1014    0.47287   33914872
1015    0.47279   33914870
1016    0.47290   33914870
1017    0.47277   33914869
1018    0.47273   33914870
1019    0.47285   33914874
1020    0.47273   33914871
1021    0.47284   33914871
1022    0.47274   33914868
1023    0.47272   33914870
